1000010000000000000000000000000000000000000100
0000100000000000000000000000000000000000000111
0000000000000000000000000000000000000000001101
0010000100000000000000000000000000000000000110
0000000000000000000010000000000000000000000100
0100000000100000000000000000000000000000000100
0000000000000000000000000010000000000000000100
0000000000000000000000000000000001000000000101
0000000001000000000000000000000000000000000111
0001000000000000000000000000000000000000000101
0000000000000000000000000000000000010000000100
0000000000000000000000000000000000000000001100
0000000000000000000000000000010000000000000101
0010000001000000000000000000000000000000000100
0000000000100000000000000000000000000000000101
0000000000000000000000000000000000000100000101
0010001000000000000000000000000000000000000100
0000000000000000000000000000000000000000100100
0000000000000000000000100000000000000000000101
0000000000000000000000000000000000001000000101
0000000000000000100000000000000000000000000101
0000001100000000000000000000000000000000000100
0000101000000000000000000000000000000000000001
0000000000000010000000000000000000000000000101
0000000000000000000001000000000000000000000101
0000000000000000000000000000000100000000000101
0000000000000000000000000010000000000000000101
0000010001000000000000000000000000000000000100
0000000000000000000001000000000000000000000100
0000000000000000000000000000000000000001000101
0001010000000000000000000000000000000000000100
0000110000000000000000000000000000000000000100
0000000000000000000000001000000000000000000101
0000000000000000000000000100000000000000000101
0000000000000000000000000000000001000000000100
0000000000000000000000000000000100000000000100
0000000000001000000000000000000000000000000100
1000000000000000000000000000000000000000000111
0100000010000000000000000000000000000000000100
0000010000000000000000000000000000000000000111
0011000000000000000000000000000000000000000100
0000000000000001000000000000000000000000000100
0000000000000000000000100000000000000000000100
1000001000000000000000000000000000000000000110
0000000100000000000000000000000000000000000111
0000000000000000001000000000000000000000000100
0010000100000000000000000000000000000000000100
0000000010100000000000000000000000000000000100
0000000000010000000000000000000000000000000101
1001000000000000000000000000000000000000000110
0000000000000000000000000000001000000000000101
0000000000100000000000000000000000000000000111
0000000000000000000000000000000000000000010100
0000000000000000000000000000000000000000100101
0100000000000000000000000000000000000000000101
0000000100100000000000000000000000000000000110
0000000000000000000000000000000000010000000101
0000100100000000000000000000000000000000000110
0000000000000000000000010000000000000000000100
0000000000000000000000000000100000000000000100
0000000000000000000000000000010000000000000100
1000000000000000000000000000000000000000000101
1000100000000000000000000000000000000000000100
0110000000000000000000000000000000000000000100
0000000000000000010000000000000000000000000100
0000001100000000000000000000000000000000000001
0000000000000000000000000000000000000000010101
0101000000000000000000000000000000000000000001
0000000000000100000000000000000000000000000100
0000001000100000000000000000000000000000000100
0000000000000000010000000000000000000000000101
0010000000100000000000000000000000000000000110
0000000000000000000010000000000000000000000101
0000000000000000000000000000000000000100000100
0000000000000000000000000000000000001000000100
0010000000000000000000000000000000000000000101
0000000000000000000000000000000000100000000100
0101000000000000000000000000000000000000000100
0000000100000000000000000000000000000000000101
0000000001100000000000000000000000000000000100
0000000000000000001000000000000000000000000101
0000000000000000000000000000000000000001000100
0000000110000000000000000000000000000000000100
0000000000000010000000000000000000000000000100
0000011000000000000000000000000000000000000100
0000000000000000000000000000000000000010000100
0100100000000000000000000000000000000000000110
0000000000000000000000000000100000000000000101
0000000101000000000000000000000000000000000001
0000001010000000000000000000000000000000000001
0001100000000000000000000000000000000000000100
0010100000000000000000000000000000000000000100
0000001001000000000000000000000000000000000110
0000000010100000000000000000000000000000000001
0000000000000000000000000000001000000000000100
0100001000000000000000000000000000000000000100
0000100000100000000000000000000000000000000100
0000000000000000000000000000000010000000000100
0000100000000000000000000000000000000000000101
0000000000000000000100000000000000000000000100
0010000010000000000000000000000000000000000100
0000000000010000000000000000000000000000000100
1100000000000000000000000000000000000000000001
0000101000000000000000000000000000000000000100
0000001010000000000000000000000000000000000100
1000000100000000000000000000000000000000000100
1000000000100000000000000000000000000000000100
0000000000000000000000001000000000000000000100
0010010000000000000000000000000000000000000110
0010100000000000000000000000000000000000000001
0000000000000000000000000100000000000000000100
0000000000000000000000000001000000000000000100
1000000001000000000000000000000000000000000001
0000100001000000000000000000000000000000000110
1010000000000000000000000000000000000000000001
0010000000000000000000000000000000000000000111
0000000011000000000000000000000000000000000100
0001000000000000000000000000000000000000000111
0000001000000000000000000000000000000000000111
0100000000000000000000000000000000000000000111
0000000000000000000000000001000000000000000101
0000000000001000000000000000000000000000000101
0000000000000000100000000000000000000000000100
0000000000000000000100000000000000000000000101
0000100010000000000000000000000000000000000100
0000001000000000000000000000000000000000000101
0001010000000000000000000000000000000000000001
0100000001000000000000000000000000000000000110
1000000001000000000000000000000000000000000100
0001000100000000000000000000000000000000000100
0000000000000000000000010000000000000000000101
0000000000000000000000000000000000100000000101
0000000000000001000000000000000000000000000101
0000000010000000000000000000000000000000000111
0000000010000000000000000000000000000000000101
1100000000000000000000000000000000000000000100
0000000000000000000000000000000010000000000101
0000000001000000000000000000000000000000000101
0000010100000000000000000000000000000000000100
0000000000000100000000000000000000000000000101
0001001000000000000000000000000000000000000110
0001000010000000000000000000000000000000000110
0001000000100000000000000000000000000000000100
0000010000000000000000000000000000000000000101
0000010010000000000000000000000000000000000110
0000000000000000000000000000000000000010000101
0100010000000000000000000000000000000000000100
0100000100000000000000000000000000000000000110
1000000010000000000000000000000000000000000110
0000010000100000000000000000000000000000000110
END
