00000000000000000000011100000000000010000000000000000000000000001000000000000000000000000000000000000000
00000011110000010000000000000000000000000000000000000000000000000000000000000000000000000000000000000000
00000000000000000000000000001001000000000000000000000000000000000000001000000000000000000000000000000000
00000000000100000000000000000000000000000000000000000000000000000000000000000000000000000010001000000000
00000000000000000000000000000000000000111100111000100000110000000000000010000000000010000000000000000000
00000000000000001000011100000000011110000000001000001111111000010000000000000100000000000000000000000000
00000000000000000010000001111111000000000000001110001100110000001000000000000000000000000000000000000000
10000000000000000001000010000000000000000000000000000000010011000000000100000000011100000000000000000000
01100000000000000001000000000000000000000000000000000000000000000000001000000000000000000010001000000000
00000000000000000010011100000000011110000000001000001100110000000001000000000000000000000000000000000000
10000000000000000000000000000000000000000000000111111111000000000000000000000000000000000000000000000000
00000000000001000100000000000000000000000000000000000000000011100000100000001110001100000000000000000000
00000000000000000000001100000000000010000000000000000000000000010000000000000000000000000000000000000000
00000000000001000100000000000000000000000000000000000000000011100000001000001110001100000000000000000000
00000000000000000000000000000000000000111100111000010000110000000000000100000000000010000000000000000000
10000000000000000000000000000000000000000000000000000000010011000000000010000000011100000000000000000000
00000000000000000000000000000101000000000000000000000000000000000000000000000000000000000000000000000000
10000000000000000000000000000000000000000000000000000000010011100000000000000100110000000000000000000000
10000000000000000100000010000000000000000000000000000000010011000000000000001110001100000000000000000000
00000000000000000001100010000000000000000000000000000000000000000000001000000000000000001100000000000000
10000011111111000011000000000000000000000000000000000000000000000000000000000000000000000011000000000000
01111110000000000000000110000000000000000000000000000000000000000000000000000000000000011100000000000000
00000000000000010000000000000000000000000000000001100110110000000000000001100111000000000000000000000000
00001000000000000000011100000000011110000000001000001111111000010000000000000000000000000000000000000000
10000000000000001100000000000000000000000000000000000000010011000000000000001110001100000000000000000000
10000000000000000000000000000000000000000000000000000100010011000000000000001110001100000000000000000000
10000000000000000000000000000000000000000000000000000000010011100000001000000000101000000000000000000000
00000000000000000010000000000000000000001111000000000000010000100000000000000000100000000000000000000000
00000001000000000000000000000000000000000000000000000000000000000000000000000000000000000010001000000000
00000000000000000010000000000000000000000000100001100010110000000000000000000000000000000000000000000000
00000000000000000000000001101001100000000000000000000000000100000001000000000000000000000000000000000000
00000000000000000000010100000000000000000000000000000000000000000000000000000000000000001000000000000000
00000000000000000010000000000000000000000000010001100100110000000000000000000000000000000000000000000000
00000000000000000000011100000000011101000000000000000000000000000000000000000000000000000000000000000000
10000000000000000000000000000000000000000000000000000000010011100010000000000000100000000000000000000000
00000000000000010000011100000000011110000000001000001111111000010000000000000000000000000000000000000000
10000000000000000000000000000000000000000000000000000000010011100001000000000100001100000000000000000000
00000000000000011000000000000000000000000000001001100110100000000000000001100111000000000000000000000000
00000000000001000000000000000000000000000000000000000000010011100000000111111101110000000000000000000000
00000000000000000000000001110001000000000000000000000000000000000001000000000000000000000000000000000000
00000000000001000000000000000000000000000000000000000000000011100100000000000110001100000000000000000000
00000011100000010000000000000000000000000000000000000000000000000000000000000000000000000000000000000000
11100100000000000000000000000000000000000000000000000000000000000000000000000000000000000000000000000000
00000000000000011000000000000000000000100000111000000000000000000000000011100111000000000000000000000000
00000000000000000010000000000000000000001000000000100110110000000000000000000000000000000000000000000000
10000000000000000000000000000000000000000000000000000000010011100000001000000000001100000000000000000000
00000000000000000011000000000000000000000000000000000000000000000000000000000000000000000001000000000000
00000000000000000000011000000000010010000000000000000000000000000000100000000000000000000000000000000000
00000000000001000000000000000000000000000000000000000000010011100000000001100110101000000000000000000000
10000000000000000100000000000000000000000000000000000000010011100000100000000000001000000000000000000000
00000000000000000000000000000000000000000000000000000000000011000100000000000110001100000000000000000000
00000000000001000000000000000000000000000000000000000000010011100000000111111001010000000000000000000000
11110000000000000000000000000000000000000000000000000000000000001000000000000000000000000000000000000000
00001000000000000000000000000000100000000000000000000000000000000000000000000000000000000000000000000000
10000000000000000000000000000000000000000000000000000000010011000000000110000000011100000000000100000000
10000000000000000000000000000000000000000000000000000000010011100010000000000000001100000000000000000000
00000000000000000010000000000000000000000100110001000000010011100000000000000000100000000000000000000000
00000000000000010010000000000000000000000000000000000000000000000000000000000000000000000000010000000000
01110100000000000000000000000000000000000000000000000000000000000000000000000000000000000000000000000000
00000000000000011000000000000000000000000000100001100011100000000000000001100111000000000000000000000000
00000000000000000010000001010000100000000000000000000000000000000000000000000000000000000000000000000000
00000000000000000000000000000000010010000000000000000000000000000000010000000000000000000000000000000000
00000000000000000000100001111111000000001000000000000000000000000000000000000000000000000000000000000000
00000000000000100010000000000000000000000000000000000000000000000000000000000000000000000000011000000000
00000000000001000100000000000000000000000000000000000000000011101000000000001110001100000000000000000000
10000000000000000000000010000000000000000000000000000000010011000000000000000000011100000000000000000000
00000000000000001010000000000000000000001100111000000000000000000000000001000111000000000000000000000000
00000000000000011000000000000000000000000000001000000000000000000000000001100110000000000000000000000000
00000000000000000100011100000000011110111100101000001100110000000000000000000010000010000000000000000000
10000000000000010000000000000000000000000000000000000000010011000000000000000110001100000000000000000000
00000000000000001000011100000000011110111100011000001100110000000000000000000100000010000000000000000000
10000000000000000100000000000000000000000000000000000000010011100000001000000000001000000000000000000000
01100000000000000001000000000000000000000000000000000000000000000000001000000000000000000000011000000000
00010000000000010010000000000000000000000000000000000000000000000000000000000000000000000000010000000000
10000100000000010000000000000000000000000000000000000000010011000000000100000000011100000000000000000000
11110100000000000000000000000000000000000000000000000000000000010000000000000000000000000000000000000000
00000000000000000000000100000000010010000000000000000000000000000010000000000000000000000000000000000000
11111100000000000000000110000000000000000000000000000000000000000000000000000000000001010000000000000000
00000000000000000000001000000000010010000000000000000000000000000001000000000000000000000000000000000000
00000000000000000010000001111111000000000000001111001100110000000010000000000000000000000000000000000000
00000000000001001100000000000000000000000000000000000000000011100000000000001110001100000000000000000000
00000000000000000100000001111110000000000000000000001100000000000000000000000000000000000000000000000000
00000000000001000100000000000000000000000000000000000000000011100010000000001110001100000000000000000000
00000000000000000100000001111110000000000000000000001000000000000000000000000000000000000000000000000000
10000000000000000100000000000000000000000000000010000000010011000000000000001110001100000000000000000000
10000000000000000000000000000000000000000000000000000000010011100001000000000000001000000000000000000000
00000000000000000000011100000000011100000000000000000000001000000000000000000000000000000000000000000000
00000000000000000100000001110110000000000000000000001000000000000000000000000000000000000000000000000000
10000000000000000000000000000000000000000000000000000000010011000000000110000000011100000000000010000000
10000000000000000000000000000000000000000000000000000000010011000000000000000110001100000000000001000000
00000000000000000000000011111111000000000100000000000000000000000000000000000000000000000000000000000000
01110000000000000000000000000000000000000000000000000000000000010000000000000000000000000000000000000000
00000000000000011000000000000000000000001101001000010000000000000000000001100111000000000000000000000000
00000000000000000000011100000000010110000000000000000000001000000000000000000000000000000000000000000000
01000000000001001111000000000000000000000000000000000000000000100000000000000000000000000000000000000000
10001000000000000000000000000000000000000000000000000000010011000000000000100110001100000000000000000000
11111000000000000000000100000000000000000000000000000000000000000000000000000000000001001000000000000000
10000011111011001011000000000000000000000000000000000000000000000000000000000000000000000000111000000000
00000000000000000100000000111010000000000000000000001100000000000000000000000000000000000000000000000000
11111000000000001110000001111111000000110000111000001100110011100000000111100111001100000000000000000000
10000000000000000000000000000000000000000000000000000000010011000000000110000000011100000000000000001000
00000000000000010000000000000000000000000000000000000000000000000010000000000000000000000000000000000000
10000000000000000000000000000000000000000000000000000000010011100000000011111001001110000000000000000000
00000100000000000000011100000000011110000000001000001111111000010000000000010000000000000000000000000000
00000000000000000000000100000000010010000000000000000000000000000100000000000000000000000000000000000000
00000000000000000010011100000000011110000000001101001100110000001000000000000000000000000000000000000000
00000000000000000000000110000000000000000000000000000000000000000000000000000000000000111000000000000000
11111000000000001110000001111111000000110000111000001100110011100000000111100111001110000000000000000000
00000000000000000000011000000000010010000000000000000000001000000001000000000000000000000000000000000000
00000000000010000010000000000000000000000000000000000000000000000000000000000000000000000011010000000000
00000000000000010000011000000000000000000000000000000000000000000000000000000000000000000000000000000000
10010000000000000100000000000000000000000000000000000000010011000000000000011110001100000000000000000000
00000000000000011000000000000000000000001100011000000100000000000000000001100111000000000000000000000000
00010000000000000000000000000000000001000000000000000000000000000000000000000000000000000000000000000000
00000000000000000000011100000000011111000000000000000000000000000000000000000000000000000000000000000000
10000000000000000000000000000000000000000000000111110000000000000000000000000000000000000000000000000000
00001000000000000000000001111111000000101000111000001100110000000000000000100000000010000000000000000000
10000000000000000000000000000000000000000000000000000000010011100000001000000000100000000000000000000000
00000000000000000010000001111111000000000000001110001100110000000000001000000000000000000000000000000000
00000000000000000000000000000000000000000000000000000000000000000000000000000000000000000000000000000001
00000000000001000000000000000000000000000000000000000000000011100100000000001110001100000000000000000000
00000000000000000000001000000000010010000000000000000000000000000000100000000000000000000000000000000000
00000000000000000010011100000000011110000000001100001100110000001000000000000000000000000000000000000000
10000000000000000000000000000000000000000000000000000000010011100010000000000100001100000000000000000000
11010000000000000000000000000000000000000000000000000000000000010000000000000000000000000000000000000000
00000000000000001010000000000000000000101100111000000000000000000000000010100111000000000000000000000000
00000100000000000000000000000000000000000000000000000000000000000000000000000000000000000000010000000000
00100000000000010000000000000000000000000000000000000000110000000000000001100111000000000000000000000000
00000000000000000010000000000000100000000000000000000000000000000000010000000000000000000000000000000000
10000000000000000000000000000000000000100000000000000000010011100000000010000110100000000000000000000000
00000000000000000000000001111111000000000000100001000000000000000000000000000000000000000000000000000000
10000000000000000000000000000000000000000000000000000000010011100000000000000000010000000000000000000000
10000000000000000000000000000000000000000000000000000000010011100001000000000000101000000000000000000000
00000000000001000000000000000000000000000000000000000000010011100000000001100110100000000000000000000000
00000000000000000010011100000000011110000000001011001100110000000100000000000000000000000000000000000000
00000000000000000100001100000000010100000000000000000100000000000000000000000000000000000000000000000000
00000011111111001011000000000000000000000000000000000000000000000000000000000000000000000000111000000000
00000000000000000000000000000000000000000000000000000000000000010000000001111101001100000000000000000000
11011000000000001110011100000000011110100000111000001100110011100000000101100111001110000000000000000000
00000000000101000010000000000000000000000000000000000000000000000000000000000000000000000011010000000000
00000000000000011000000000000000000000001000111000100000000000000000000001100111000000000000000000000000
00000000000000000000000001111110100000000000000000000000000000000000000000000000000000000000000000000000
00000000000000000001100000000000000000000000000000000000000000000000000000000000000001001000000000000000
10111000000000001110011100000000011110010000111000001100110011100000000011100111001100000000000000000000
00000000000000000100011100000000011110000000001000001111111000010000000000000010000000000000000000000000
10000000000000000000000000000000000000000000000000000000010011000000000000101010001100000000000000000000
00000000000000000000000001110001000000000000000000000000000000010000000000000000000000000000000000000000
00000000000000010000000000000000000000000000000000000000000000000000000000000000000000000000010000000000
11010000000000000000000000000000000000000000000000000000000000000001000000000000000000000000000000000000
00000000001001000010000000000000000000000000000000000000000000000000000000000000000000000011010000000000
00000000000001000000000000000000000000000000000000000000000011101000000000001100000000000000000000000000
00000000000000000000000001000000000000000000000000000000000000000000000000000000000000010000000000000000
10000000000000000000000000000000000000000000000111111000000000000000000000000000000000000000000000000000
00000000000001000000000000000000000000000000000000000010000011100000000000001110001100000000000000000000
00000000000000000010011100000000011110000000001100001100110000000010000000000000000000000000000000000000
10000000000000000000000000000000000000000000001000000000010011110000000001100000001100000000000000000000
10000000000000000010000000000000000000000000000000000000010011000000000000000110001100000000000000000000
00000000000000000010011100000000011110000000001111001100110000000000001000000000000000000000000000000000
10000000000000001010000000000000000000001100111000000000010011100000000001100110000000000000000000000000
00000000000000000010011100000000011110000000001010001100110000000100000000000000000000000000000000000000
00000010000001000010000000000000000000000000000000000000000000000000000000000000000000000011010000000000
10000000000000000000000000000000000000000000000000000000010011100010000000000000101000000000000000000000
00100000000000000000000000000000000000000000000000000010000000000000000000000000000000000000000000000000
00000000000000000000011100000000011110011000111000001100110000000000000000000000010000000000000000000000
00000000000000000010011100000000011110000000001111001100110000000000100000000000000000000000000000000000
00110000000000000000000000000000000000000000000000000000000000000100000000000000000000000000000000000000
00000000000000001010000000000000000000001100110000000001000000000000000000000000000000000000000000000000
10000000000000000000000000000000000000000000000000010000010011110000000100000101001100000000000000000000
00000000000000010000011100000000011110000000001000001111111000010000000000001000000000000000000000000000
10000000000000000000000000000000000000000000000000000000010011100000000000000010001100000000000000000000
00000000000001000101000000000000000000000000000000000000000011100000000000001110001100000000000000000000
00000000000000011000000000000000000000001100101001100111000000000000000001100111000000000000000000000000
11000011111111110000000000000000000000000000000000000000000000000000000000000000000000000000000000000000
10001000000000000000000000000000000000000000000000000000010011000000000100101110011100000000000000000000
10000000000000000000000000000000000000000000000000000000010011000000000111000000011100000000000000000000
00000000000000000010011100000000011110000000001011001100110000000001000000000000000000000000000000000000
00000000000000011000000000000000000000001100110000000001000000000000000001100111000000000000000000000000
10000000000000000000000000000000000000000000000000000000010011000000000000000110001100000000000000010000
00000000000000000010000001111111000000000000001010001100110000000010000000000000000000000000000000000000
00110000000000000000000000000000000000000000000000000000000000000010000000000000000000000000000000000000
10000000000000000001000000000000000000000000000000000000010011000000000100000000011100000000000000000100
00000000000000011000000000000000000000010000000100000111100000000000000001100111000000000000000000000000
10000000000000000000000000000000000000000000000000000000010011100000100000000000001100000000000000000000
00110000000000000010000000000000000000000000000000000000000000000000000000000000000000000000010000000000
00000000000000000000010100000000010010000000000000000000000000000100000000000000000000000000000000000000
10000100000000000001000000000000000000000000000000000000010011000000000100000000011100000000000000000000
10000000000000000000000000000000000000000000000000000000010011000000000000000110001100000000000010000000
00000000000000000000110100000000000000000000000000000000000000000000000000000000000000001000000000000000
00000000000000000010000000100010000000000000000000000000000000000000000000000000000000000000000000000000
10000000000000000101000000000000000000000000000000000000010011001000000100000100011100000000000000000000
11011110000000000000000110000000000000000000000000000000000000000000000000000000000000011100000000000000
10000000000000000000000000000000000000000000000000000000010011000000000000010010001100000000000000000000
00000000000000000010011100000000011110000000001110001100110000001000000000000000000000000000000000000000
00000000000000000000000000100001000000000000000000000000000000000001000000000000000000000000000000000000
11111100000000000000000000000000000000000000000000000000000000010000000000000000000000000000000000000000
01100000000000000000000000000000000000000000000000000000000000010000000000000000000000000000000000000000
10000000000000000100000000000000000000000000000000000000010011111111111001100110101000000000000000000000
00000000000001000010000000000000000000000000000000000000000000000000000000000000000000000011010000000000
10000000000000000000000010000000000000000000000000000000010011110000000111100101001110000000000000000000
00100100000000000000000100000000000000000000000000000000000000000000000000000000000001101000000000000000
10000100000000000000000000000000000000000000000000000000010011000000000000011110001100000000000000000000
00000000000100010000000000000000000000000000000000000000000000000000000000000000000000000000000000000000
01000000000000010010000000000000000000000000000000000000000000000000000000000000000000000000010000000000
00000000000000000010000001111111000000000000001000001100110000000001000000000000000000000000000000000000
00000000000000000010000001111111000000000000001010001100110000000000010000000000000000000000000000000000
00000000000000000000000001111111000000000000001000001100110100010000000000000000000000000000000000000000
00000000000000000010000000000000000000000100110000000000010000000000000001000000000000000000000000000000
00000000000000010000011000000000001000000000000000000000000000000000000000000000000000000000000000000000
10000000000000000000000000000000000000000000000000000100010011110000000001000101001100000000000000000000
00000000000000000000011100000000000010000000000000000000000000010000000000000000000000000000000000000000
00000000000000000000000100000000000010000000000000000000000000000100000000000000000000000000000000000000
00000000000000000010000000000000000000110000110000000000010000100000000000000000100000000000000000000000
10000000000000000000000000000000000000000000000000000000010011100000000011111101001110000000000000000000
11111101000000000000000110000000000000000000000000000000000000000000000000000000000000001100000000000000
10011000000000001110011100000000011110000000111000001100110011100000000001100111001100000000000000000000
10001000000000000000000000000000000000000000000000000000010011000000000000011110001100000000000000000000
00000010000000000000000000000000000000000000000000000000000000000000000000000000000000000010001000000000
01100000000000000001000000000000000000000000000000000000000000000000001000000000000000000001100000000000
00000000000000000000000000000001000000000000000000000000000000000000001000000000000000000000000000000000
00000000000000000000011100000000011110000000001000001111111000010000000001000000000000000000000000000000
00000000000000010000010000000000000100000000000000000000000000000000000000000000000000000000000000000000
00000000000000000010011100000000011110000000001001001100110000000000010000000000000000000000000000000000
01100000000000000010000000000000000000000000000000000000000000000000000000000000000000000000010000000000
11000000000000000000000000000000000000000000000000000000000000000001000000000000000000000000000000000000
10000000000000000000000000000000000000000000000000000000010011100000010000000000001000000000000000000000
00000000000000000000000001111111000000011000111000001100110000000000000000000000110000000000000000000000
11111011111111110000000000000000000000000000000000000000000000000000000000000000000000000000000000000000
00000000000000000010000001111111000000000000001110001100110000000100000000000000000000000000000000000000
00000000000000000000011000000000000010000000000000000000000000010000000000000000000000000000000000000000
01100000000000000000000000000000000000000000000000000000000000000000001000000000000000000001100000000000
00000000000000000000000001100001000000000000000000000000000000000001000000000000000000000000000000000000
00000001000001000010000000000000000000000000000000000000000000000000000000000000000000000011010000000000
10000000000000000100000000000000000000000000000000000000010011100000000000000000101000000000000000000000
10000000000000000000000000000000000000000000000111000000000000000000000000000000000000000000000000000000
10000000000000000000000000000000000000000000000000000000010011100000010000000000101000000000000000000000
11000000000000000001000000000000000000000000000000000000000000100000000000000000000000000000000000000000
00000000000000000010011100000000011110000000001100001100110000000000100000000000000000000000000000000000
01000000000000000000000000000000000000000000000000000000000000100000000000000000000000000000000000000000
00000000000000000100000001101110000000000000000000001000000000000000000000000000000000000000000000000000
11111011000000000000000000000000000000000000000000000000000000000000000000000000000000001100000000000000
10000000000000000000000000000000000000000000000000001000010011110000000000100101001100000000000000000000
10100000000000000000000000000000000000000000000000000000010011000000000001000000011100000000000000000000
00000000000000000000011000000000010010000000000000000000000000010000000000000000000000000000000000000000
00000000000000000010000000000000000000001100100000000000010000000000000000000010000000000000000000000000
00000000000000000000000001001001000000000000000000000000000000000000010000000000000000000000000000000000
10000000000000000000000000000000000000000000000000000010010011000010010000001110001100000000000000000000
00000000000000000000001100000000000000000000000000000000000000000000000000000000000000001000000000000000
00100000000000000000000000000000000000000000000000000000000000000010000000000000000000000000000000000000
00000000000000000000000000110001000000000000000000000000000000001000000000000000000000000000000000000000
10000000000000000000000000000000000000000000000000000000010011000000000110000000011100000000000000100000
10000011111101000010000000000000000000000000000000000000000000000000000000000000000000000010010000000000
00000000000000000000000001111110000000000000000000000000000100000000000000000000000000000000000000000000
00000000000000000100010100000000010100000000000000000100000000000000000000000000000000000000000000000000
10011000000000001110011100000000011110001000111000001100110011100000000001100111001100000000000000000000
00000001000000010000000000000000000000000000000000000000000000000000000000000000000000000000000000000000
10000000000000000000000000000000000000000000000000000000010010000000000110000000011100000000000000000000
00000000000000000000011000000000000010000000000000000000000000000001000000000000000000000000000000000000
00001000000000010010000000000000000000000000000000000000000000000000000000000000000000000000010000000000
10000011111111000011000000000000000000000000000000000000000000000000000000000000000000000000100000000000
00000000000000000010011100000000011110000000001110001100110000000010000000000000000000000000000000000000
00000000000000000010011100000000011110000000001001001100110000000001000000000000000000000000000000000000
00000000000000000100010100000000011100000000000000000000000000000000000000000000000000000000000000000000
00000000000000000100000000111110000000000000000000001000000000000000000000000000000000000000000000000000
00000000000000000000000001000001000000000000000000000000000000000000001000000000000000000000000000000000
00010000000000000000000000000000000000000000000000000000000000000000000000000000000000000000010000000000
00000000000000000010011100000000011110000000001111001100110000000000010000000000000000000000000000000000
11110011111111110000000000000000000000000000000000000000000000000000000000000000000000000000000000000000
00000100000000000010000000000000000000000000000000000000000000000000000000000000000000000000010000000000
10000000000000000000000000000000000000000010000000000000010011100000000001101000100000000000000000000000
10111000000000001110000001111111000000010000111000001100110011100000000011100111001110000000000000000000
00000000000000000010000001111111000000000000001111001100110000000000001000000000000000000000000000000000
10000000000000000010000000000000000000001100100001100110010011100000000000000000100000000000000000000000
00000000000000000000000000011001000000000000000000000000000000000100000000000000000000000000000000000000
00000000000000000010000001110000000000000000000000000000000000000000000000000000000000000000000000000000
00011000000000000010000000000000000000000000000000000000000000000000000000000000000000000000010000000000
00000000000001000100000000000000000000000000000001000000000011100000000000001110001100000000000000000000
00000000000001000000000000000000000000000000000000000000010011110000000001111011001100000000000000000000
00000000000001000100000000000000000000000000000000000000000011100100000000001110001100000000000000000000
00000000000000000010000000000000000000001110000000000000010000000000000000001000000000000000000000000000
00000000000000000000001100000000010010000000000000000000000000010000000000000000000000000000000000000000
00000000000000000010000001100000100000000000000000000000000000000000000000000000000000000000000000000000
00000000000000000000000000111001000000000000000000000000000000001000000000000000000000000000000000000000
00000000000000000010000000000000000000000001000001110000110000000000000000000000000000000000000000000000
00000000000000000000000001101001000000000000000000000000000100000001000000000000000000000000000000000000
10110000000000000000000000000000000000000000000000000000000000000010000000000000000000000000000000000000
10000000000001000010000000000000000000000000000000000000000000000000000000000000000000000011010000000000
10000000000000000000000000000000000000000000000001000000010011000000000000001110001100000000000000000000
10000000000000000100000000000000000000000000000000000010010011000010010000001110001100000000000000000000
00000000000000000010000000110000100000000000000000000000000000000000000000000000000000000000000000000000
00000000000000000000000001111111000000000001000010000000000000000000000000000000000000000000000000000000
10000000000000000000000000000000000000000000000000000000010011100100000000000100001100000000000000000000
00000000000000000010000000000000000000100000110010000000010011100000000000000000100000000000000000000000
00000000000000000000011100000000011110000000001000001111111000010000000100000000000000000000000000000000
00000011111100010000000000000000000000000000000000000000000000000000000000000000000000000000000000000000
10011000000000001110000001111111000000001000111000001100110011100000000001100111001100000000000000000000
10000000000000000000000000000000000000000000000000000000010011100000001000000100001100000000000000000000
00000000000000000000000001110001000000000000000000000000000000001000000000000000000000000000000000000000
00000000000000000010000001111111000000000000001111001100110000000000010000000000000000000000000000000000
00000000000000001000000000000000000000100000000000000000100000000000000110100111000000000000000000000000
10000000000000000000000000000000000000000100000000000000010011100000000001000110100000000000000000000000
00000000000000010000000000000000000000000000000000000000000000001000000000000000000000000000000000000000
01100000000000000001000000000000000000000000000000000000000000000000000000000000000000000001110000000000
00000000000000010000000000000000000000001100110000000000000000000000000001100111000000000000000000000000
01100000000000000000000000000000000000000000000000000000000000001000000000000000000000000000000000000000
00000000000000000000000000000000000000111100111000000100110000000000000001000000000010000000000000000000
00000000000000000100000001111111000000111100101000001100110000000000000000000010000010000000000000000000
00000100000000000000000001111111000000111101001000001100110000000000000000010000000010000000000000000000
10010000000000000000000000000000000000000000000000000000000000000000010000000000000000000000000000000000
00000000000000000000000110000000000000000000000000000000000000000000000000000000000000100000000000000000
00000000000000000010011100000000011110000000001110001100110000000100000000000000000000000000000000000000
00000000000000001010000000000000000000000000001001100110100000000000000000000000000000000000000000000000
10000000000000000000000000000000000000000001000000000000010011100000000001110000100000000000000000000000
11000000000000000000000000000000000000000000000000000000000011000000000110000000011100000000000000000000
00000000000000000010000001111111000000000000001011001100110000000001000000000000000000000000000000000000
10000000000000000100000000000000000000000000000001000000010011000000000000101110001100000000000000000000
00000000000000000000000000101001000000000000000000000000000000000001000000000000000000000000000000000000
00001010000000000000000000000000000000000000000000000000000000000000000000000000000000001000000000000000
11010000000000000000000000000000000000000000000000000000000000000000100000000000000000000000000000000000
00000000000000000010000000000000000000010000110000000000010000000000000100000000000000000000000000000000
00000000000000000010000000000000000000001100010000000000010000000000000000000100000000000000000000000000
10000010111111001011000000000000000000000000000000000000000000000000000000000000000000000000111000000000
10000000000000000000000000000000000000000000000000000000010011000000000011001100010000000000000000000000
01000000000000000000011100000000011110000000001000001111111000010000000000000000000000000000000000000000
11011000000000001110011100000000011110100000111000001100110011100000000101100111001100000000000000000000
00000000000000000100000001011110000000000000000000001000000000000000000000000000000000000000000000000000
00000000000000000000000001111111000000000010000100000000000000000000000000000000000000000000000000000000
10100000000000000100000000000000000000000000000000000000010011000000000000011110001100000000000000000000
00000000000000000000000001111111100000000000000000000000000100000000000000000000000000000000000000000000
10001000000000000100000000000000000000000000000000000000010011000000000000111110001100000000000000000000
11111100000000000000000110000000000000000000000000000000000000000000000000000000000000100000000000000000
10000000000000000100000000000000000000000000000000000000010011100100000000000000001000000000000000000000
10000000000000000000000000000000000000000000000000000000010011101000000000000000101000000000000000000000
00000000000000000010000000000000000000000000000001111000110000000000000000000000000000000000000000000000
00000000000000000001000000000000000000000000000000000000110000000000000000000000000000000000000000000000
10000000000000000100100000000000000000000000000000000000010011000000000000001110001100000000000000000000
00000000000000010000000000000000000001000000000000000000000000000000010000000000000000000000000000000000
10000000000000000000000000000000000000000000000110000000000000000000000000000000000000000000000000000000
00000000000000000000000000000000000000000000000000000000000000000000000001100110100000000000000000000000
00000000000001000100000000000000000000000000000000000000000011110000000000001110001100000000000000000000
00000000000000000101000001111010000000000000000000001100000000000000000000000000000000000000000000000000
00000000000001000000000000000000000000000000000000000000010011100000000001100110100100000000000000000000
00000000000000000010000001111000100000000000000000000000000000000000000000000000000000000000000000000000
00001100000000000010000000000000000000000000000000000000000000000000000000000000000000000000010000000000
00000000000000000000000000001001000000000000000000000000000000000000010000000000000000000000000000000000
11011000000000001110000001111111000000100000111000001100110011100000000101100111001110000000000000000000
11011000000000001110000001111111000000101000111000001100110011100000000101100111001100000000000000000000
00000000000000011000000000000000000000001101001000000000000000000000000001110111000000000000000000000000
00000000010000000000000000000000000000000000000000000000000000000000000000000000000000000010001000000000
00000000000000000000000001011001000000000000000000000000000000000100000000000000000000000000000000000000
10011000000000001110000001111111000000000000111000001100110011100000000001100111001110000000000000000000
10000011101111001011000000000000000000000000000000000000000000000000000000000000000000000000111000000000
00000000000000000000011100000000011110000000001000001111111000010000000000000001000000000000000000000000
00000000000000000010000001111111000000000000001111001100110000000000100000000000000000000000000000000000
00000000000000000000011100000000011110000000001000001111111000010000000000000100000000000000000000000000
10000000000000000000000000000000000000000000000000000000010011100000100000000000001000000000000000000000
00000000000000000010000000000000100000000000000000000000000000000001000000000000000000000000000000000000
00000000000000000010000000000000000000001100010000000100010000100000000000000000100000000000000000000000
11101110000000000000000110000000000000000000000000000000000000000000000000000000000000011100000000000000
00000100000000000000011100000000011110111101001000001100110000000000000000010000000010000000000000000000
10000000000000000100000000000000000000000000000001000000010011000000000000001110001100000000000000000000
00000000000000000000000000000000000000000000000000001000000100000000000000000000000000000000000000000000
00000000000000000000000001100001000000000000000000000000000000010000000000000000000000000000000000000000
00000000000000000010000000000000000000100000000010000110110000000000000000000000000000000000000000000000
10000000000000000100000000000000000000000000000100000000010011000000000000001110001100000000000000000000
00000000000001000000000000000000000000000000000000000000000011100100000000000110001000000000000000000000
00000000000000000000011100000000011110000000001000001111111000010000000000001000000000000000000000000000
10000000000000000000000000000000000000000000000000000000010011111111111001100110000000000000000000000000
10000000000000000000000000000000000000001000000000000000010011100000000000100110100000000000000000000000
00000000000000000000000000010001000000000000000000000000000000000010000000000000000000000000000000000000
00000000000000000000000100000000000000000000000000000000000000000000000000000000000001101000000000000000
10000000000000000000000000000000000000000000000000000000010011100000000000000000100100000000000000000000
11100000000000000000000000000000000000000000000000000000000000010000000000000000000000000000000000000000
00000000000000000000011100000000010111000000000000000000000000010000000000000000000000000000000000000000
00000000000000000001000001111111000000100000000000000000000000000000000000000000000000000000000000000000
10000000000000000000000000000000000000000000000000000000010011110000000110000101001100000000000000000000
10010000000000000000000000000000000000000000000000000000000000000000001000000000000000000000000000000000
10011000000000001110000001111111000000000000111000001100110011100000000001100111001100000000000000000000
00000000000001000000000000000000000000000000000000010000000011100000000000001110001100000000000000000000
01000000000000000000011100000000011110000000001000001111111000010000000100000000000000000000000000000000
00000000000001000000000000000000000000000000000000000000000011100100000000000100001100000000000000000000
00000000000000000010000001111111000000000000001100001100110100010000000000000000000000000000000000000000
00000000000000000000000001011001000000000000000000000000000000000010000000000000000000000000000000000000
00000000000000001010000000000000000000001100110000000000000000000000000000000001000000000000000000000000
00000000000000000010000000000000000000000010000001101000110000000000000000000000000000000000000000000000
00000000000000000000011100000000000010000000000000000000000000000001000000000000000000000000000000000000
11010100000000000000000000000000000000000000000000000000000000000000000000000000000000000000000000000000
00000000000000000010011100000000011110000000001000001111111000010000000000000001000000000000000000000000
00000000000000011000000000000000000000010000111100000000000000000000000001100111000000000000000000000000
11000000000000000000000000000000000000000000000000000000000000000000100000000000000000000000000000000000
10001000000000000100000000000000000000000000000000000000010011000000000000001110001100000000000000000000
00000000000000000000000000000000010010000000000000000000000000000000001000000000000000000000000000000000
00000000000000000000010000000000000010000000000000000000000000000000010000000000000000000000000000000000
00000000000001000100100000000000000000000000000000000000000011100000000000001110001100000000000000000000
10000011111110000010000000000000000000000000000000000000000000000000000000000000000000000010010000000000
00000000100000000000000000000000000000000000000000000000000000000000000000000000000000000010001000000000
11000000000000010000000000000000000000000000000000000000000000100000000000000000000000000000000000000000
00001000000000000000000100000000000000000000000000000000000000000000000000000000000001101000000000000000
00000000000000000100000001011010000000000000000000001100000000000000000000000000000000000000000000000000
10000000000000000100000000000000000000000000000000000000010011100000010000000000001000000000000000000000
10000000000000000000000000000000000000000000000000000000010011100000100000000000101000000000000000000000
00001010000000000000000100000000000000000000000000000000000000000000000000000000000000001000000000000000
10000011011111001011000000000000000000000000000000000000000000000000000000000000000000000000111000000000
10000000000000000000000000000000000000000000000000000000010011100010000000000000001000000000000000000000
10000000000000000000000000000000000000000000000111111110000000000000000000000000000000000000000000000000
10111000000000001110011100000000011110010000111000001100110011100000000011100111001110000000000000000000
00000000000000000000001000000000000010000000000000000000000000000000100000000000000000000000000000000000
00000011111000010000000000000000000000000000000000000000000000000000000000000000000000000000000000000000
00000000000000001000000001111111000000010000000000000000000000000000000000000000000000000000000000000000
00000000000000000000000000000000001010000000000000000000000000000000000000000000000000000000000000000000
00000000000000000010011100000000011110000000001101001100110000000001000000000000000000000000000000000000
00100000000000000000000000000000000000000000000000000100000000000000000000000000000000000000000000000000
00000011111111010000000000000000000000000000000000000000000000000000000000000000000000000000000000000000
00000000000000011000000000000000000000000010000001101001100000000000000001100111000000000000000000000000
10000000000000000000000000000000000000000000000000000000010011000000000110000000011100000000000000010000
00000000000000000000000100000000000000000000000000000000000000000000000000000000000000011000000000000000
10000000000000001000000000000000000000000000000000000000010011000000000000000000011100000000000000000000
00000000000000000000000000000001000000000000000000000000000000000000010000000000000000000000000000000000
00000000000000000010000000000000000000000000000000000000000000000000000000000000000000000000110000000000
00000000000001000000000000000000000000000000000000000000000011101000000000001110001100000000000000000000
00000000000000000000000000000000000000111100111000110000110000000000000000000000000010000000000000000000
10000000000000000000000000000000000000000000000111111100000000000000000000000000000000000000000000000000
10000011111111000010000000000000000000000000000000000000000000000000000000000000000000000011010000000000
00000000000000000010000001111111000000000000001001001100110000000000010000000000000000000000000000000000
10000000000000000000000000000000000000000000000000000000010011100100000000000000001000000000000000000000
00000000000000000000000000000000000000000000000000000000000000000000000001000000011100000000000000000000
00000000000000000010000000000000000000001110000000001000010000100000000000000000100000000000000000000000
00000000000000000001100100000000000000000000000000000000000000000000000000000000000000001000000000000000
10000000000000000000000000000000000000000000000000010000010011000000000000001110001100000000000000000000
00000000000000011000000000000000000000000000010001100101100000000000000001100111000000000000000000000000
00000000000001000000000000000000000000000000000000001000000011100000000000001110001100000000000000000000
00000000000000000011000000000000000000000000000000000000000000000000000000000000000000000001101000000000
00000000000000000000011100000000010111000000000000000000001000000000000000000000000000000000000000000000
10000000000000000000000000000000000000000000000000000100010011110000000001000001001100000000000000000000
00000000000000000010000001111111000000000000001101001100110000000001000000000000000000000000000000000000
00000000000000000000010100000000010010000000000000000000000000000010000000000000000000000000000000000000
11110100000000000000000110000000000000000000000000000000000000000000000000000000000000011100000000000000
00000000000000000010000001111111000000000000001000001100110000001000000000000000000000000000000000000000
00000000000000010000000000000000000001000000000000000000000000000001000000000000000000000000000000000000
00000011111110010000000000000000000000000000000000000000000000000000000000000000000000000000000000000000
10000000000000000000000000000000000000000000000000000000010011000000000000000110001100000000000000100000
10000100000000000100000000000000000000000000000000000000010011010000000100000100011100000000000000000000
00000000000000000010000001111111000000000000001100001100110000000000100000000000000000000000000000000000
00000000000001000000000000000000000000000000000000000000000011110000000000000110001100000000000000000000
00000000000000000010000000000000000000010000000100000110110000000000000000000000000000000000000000000000
00000000010000010000000000000000000000000000000000000000000000000000000000000000000000000000000000000000
00000000000000000000011100000000011111000000000000000000001000000000000000000000000000000000000000000000
10000000000000000000000000000000000000000000000000000000010011000000000101000000011100000000000000000000
00000000000000000000000000100001000000000000000000000000000000000000100000000000000000000000000000000000
00000000000000000001100010000000000000000000000000000000000000000000000000000000000000111000000000000000
01010000000000000000000000000000000000000000000000000000000000000000100000000000000000000000000000000000
00000000000000000010000001111111000000000000001101001100110000001000000000000000000000000000000000000000
11011000000000001110000001111111000000100000111000001100110011100000000101100111001100000000000000000000
00000000000000000010011100000000011110000000001000001100110000001000000000000000000000000000000000000000
00000000000000000010000001111111000000000000001000001100110100010000000000000000000000000000000000000000
00000000000000000100001100000000011100000000000000000000000000000000000000000000000000000000000000000000
00000000000000000100000001111000000000000000000000001100000000000000000000000000000000000000000000000000
00000000000000011000000000000000000000001111001000000000000000000000000001100111000000000000000000000000
00000000000000000010000001111111000000000000001001001100110000000000100000000000000000000000000000000000
00000100000000000000011100000000011110000000001000001111111000010000000000000000000000000000000000000000
00000000000000000100011100000000011100000000000000000100000000000000000000000000000000000000000000000000
00000000000000000000000000000000000010000000000000000000000000000000001000000000000000000000000000000000
00000000000000011000000000000000000000001110001000000000000000000000000001101111000000000000000000000000
00000000000000011000000000000000000000100000000010000111100000000000000001100111000000000000000000000000
00000000010001000010000000000000000000000000000000000000000000000000000000000000000000000011010000000000
00100000000000000000011100000000011110000000001000001111111000010000000000000000000000000000000000000000
11111000000000001110011100000000011110110000111000001100110011100000000111100111001110000000000000000000
00000000000000000010000001111111000000000000001010001100110100010000000000000000000000000000000000000000
00000000000000000010011100000000011110000000001100001100111000010000000000000000000000000000000000000000
10000000000000000000000000000000000000000000000000000000010011000000000011000000011100000000000000000000
00000000000000000000000001111111000000111111001000001100110000000000000000000000000010000000000000000000
00000000000001000100000010000000000000000000000000000000000011100000000000001110001100000000000000000000
00000000000001000000000000000000000000000000000000000000000011101000000000001010001100000000000000000000
10100000000000000000000000000000000000000000000000000000000000000100000000000000000000000000000000000000
00000000000000001000011100000000011110000000001000001111111000010000000000000000000000000000000000000000
00000000000000000010011100000000011110000000001010001100110000000000010000000000000000000000000000000000
00001000000000000000000001111111000000001000111000001100110000000000000000100000000010000000000000000000
00000010000000010000000000000000000000000000000000000000000000000000000000000000000000000000000000000000
00001000000000000000011100000000011110001000111000001100110000000000000000100000000010000000000000000000
10000000000000000000000000000000000000000000000000000000010011000000000000000110001100000000000100000000
10000000000000000000000000000000000000010000000000000000010011100000000100000110100000000000000000000000
00000000000000000010000000000000000000001100111000000000000000000000000001100110000000000000000000000000
00000000000000000000000000010001000000000000000000000000000000000100000000000000000000000000000000000000
00000000000000000010011100000000011110000000001001001100111000010100000000000000000000000000000000000000
10000000000000001000000000000000000000000000000000000000010011100000000001100110100000000000000000000000
00000000000000000000011100000000011110000000001000001111111000010000000000000010000000000000000000000000
00000000000000001010000000000000000000000000000001100111100000000000000000000000000000000000000000000000
10000011111111001011000000000000000000000000000000000000000000000000000000000000000000000000010000000000
10000000000000000000000000000000000000000000000111100000000000000000000000000000000000000000000000000000
00000000000000000000000000111001000000000000000000000000000000010000000000000000000000000000000000000000
00000000000000000010011100000000011110000000001110001100110000000000001000000000000000000000000000000000
00000000100000010000000000000000000000000000000000000000000000000000000000000000000000000000000000000000
00000000000000000010000000000000000000001000110000000000010000000000000000100000000000000000000000000000
00000000000000000010000001111111000000000000001100001100110000001000000000000000000000000000000000000000
10000000000000000000000000000000000000000000000000000001000000000000000000000000000000000000000000000000
00000000000000000000010000000000010010000000000000000000000000000000001000000000000000000000000000000000
01100000000000000000000000000000000000000000000000000000000000000000000000000000000000000000110000000000
00000000000000000100000001110010000000000000000000001100000000000000000000000000000000000000000000000000
00000000000000000000011100000000011110000000001000001111111000010000000000010000000000000000000000000000
10000000000000000000000000000000000000000000000000000000010011101000000000000000100000000000000000000000
00000000000000000000000000000000000000111100110000001100110000000000000000000001000010000000000000000000
00000000000000000010000000000000000000000000000110000110110000000000000000000000000000000000000000000000
11110000000000000000000000000000000000000000000000000000000000010000000000000000000000000000000000000000
00000000000000000000000000000000000000000000000000001000001000000000000000000000000000000000000000000000
10000000000000000000000000000000000000000000000000000000010011101000000000000000001000000000000000000000
00000000000000000010000000000000000000001101000000010000010000100000000000000000100000000000000000000000
00000000000000000100011100000000011100000000000000001000000000000000000000000000000000000000000000000000
00000000000000000100011100000000001100000000000000000000000000000000000000000000000000000000000000000000
00000000000000000000000001111111000000000000001000010000000000000000000000000000000000000000000000000000
00000000000001000000000000000000000000000000000000000000010011110000000001111101001100000000000000000000
10000000000000000000000000000000000000000000000000000000010011101000000000000100001100000000000000000000
00000000000000000000000001010001000000000000000000000000000000000010000000000000000000000000000000000000
11111100000000000000000101000000000000000000000000000000000000000000000000000000000001001000000000000000
01100000000000000000000000000000000000000000000000000000000000000000000000000000000000000010011000000000
00000000000000000000000001000001000000000000000000000000000000000000010000000000000000000000000000000000
00000000000001000000000000000000000000000000000000000000000011100010000000001110001100000000000000000000
00000000000000000010011100000000011110000000001011001100110000000000010000000000000000000000000000000000
10000000000000000000000000000000000000000000000010000000010011000000000000000110001100000000000000000000
10000000000000000000000000000000000000000000000000000000010011100100000000000000100000000000000000000000
10000000000000000100000000000000000000000000000000000000010011101000000000000000001000000000000000000000
10111000000000001110000001111111000000010000111000001100110011100000000011100111001100000000000000000000
00000000000001010000000000000000000000000000000000000000000011100000000000000110001100000000000000000000
00000000000000000100000001111010000000000000000000001100000000000000000000000000000000000000000000000000
00001000000000000000000000000000000000000000000000000000000000000000000000000000000000000000010000000000
00000000000000000000000000101001000000000000000000000000000000000000100000000000000000000000000000000000
00000000000000000000000001111011100000000000000000000000000000010000000000000000000000000000000000000000
10000000000000000000000000000000000000000000000000000000010011000000000110000000011100000000000000000100
10000000000000000100000000000000000000000000000000000000010011100001000000000000001000000000000000000000
00000000000001000000000000000000000000000000000000000000000011110000000001111001101100000000000000000000
01010000000000000000000000000000000000000000000000000000000000000001000000000000000000000000000000000000
00000000000001000000000000000000000000000000000000000000000011100100000000000110000100000000000000000000
10000000000000000000000000000000000000000000000000000000010011100000001000000000001000000000000000000000
10000000000000000000000000000000000000000000000000000000000000000000000000000000000000000000011000000000
11111111111111110000000000000000000000000000000000000000000000000000000000000000000000000000000000000000
00000000000000000100011100000000011110000000001000001111111000010000000000000000000000000000000000000000
00000000000000000001100000000000000000000000000000000000000000000000001000000000000000001000000000000000
00000010000000100010000000000000000000000000000000000000000000000000000000000000000000000010010000000000
00000000000001000010000000000000000000000000000000000000000000000000000000000000000000000010000000000000
00000000000000000000000000110001000000000000000000000000000000010000000000000000000000000000000000000000
10000000000000000000000000000000000000000000000000000000010011100000100000000100001100000000000000000000
00000000000000000001100000000000000000000000000000000000000000000000000000000000000001001100000000000000
00000000000000011000000000000000000000000000000110000111100000000000000001100111000000000000000000000000
11111000000000001110011100000000011110111000111000001100110011100000000111100111001100000000000000000000
00000000000000010000010000000000000000000000000000000000000000000000000000000000000000000000000000000000
00000001000000000000000100000000000000000000000000000000000000000000000000000000000001000100000000000000
00000000000000010000011100000000001001000000000000000000000000000000000000000000000000000000000000000000
00000000000000000000111100000000011100000000000000000000000000000000000000000000000000000000000000000000
00000000000000000000001100000000000010000000000000000000000000001000000000000000000000000000000000000000
00000000000001000100000000000000000000000000000000000000000011100000010000001110001100000000000000000000
00000000000000000000000000000001100000000000000000000000000100000000000000000000000000000000000000000000
00000000000000000010000000001100100000000000000000000000000000000000000000000000000000000000000000000000
00000000000000000000010000000000000000000000000000000000000000000000000000000000000000001000000000000000
01100000000000000000000000000000000000000000000000000000000000000000001000000000000000000000010000000000
00000000000000011000000000000000000000000001000001110001100000000000000001100111000000000000000000000000
00010000000000000000011100000000011110000000001000001111111000010000000001000000000000000000000000000000
00000000000000000010011100000000011110000000001011001100110000000000001000000000000000000000000000000000
10000000000000000100000000000000000000000000000000000000010011000001000000000110001100000000000000000000
00000000000000000010000001000000000000000000000000000000000000000000000000000000000000000000000000000000
00000000000000000000011000000000010011000000000000000000001000000001000000000000000000000000000000000000
00010100000000000000000100000000000000000000000000000000000000000000000000000000000001101000000000000000
00000000000010001000000000000000000000000000000000000000000000000000000000000000000000000000010000000000
00000000100001000010000000000000000000000000000000000000000000000000000000000000000000000011010000000000
00000000001000010000000000000000000000000000000000000000000000000000000000000000000000000000000000000000
10000011111111110000000000000000000000000000000000000000000000000000000000000000000000000000000000000000
00000000000000000000011100000000011110111111001000001100110000000000000000000000000010000000000000000000
10000000000000000000000000000000000000000000000000000000010011000000000110000000011100000000000001000000
10000000000000000000000000000000000000000000000000000000010011100000000001111000100000000000000000000000
00001000000000000000011100000000011110011000111000001100110000000000000000100000000010000000000000000000
10000100000000000100000000000000000000000000000000010000010011000000000100000000011100000000000000000000
10000000000000000000000000000000000000000000000000000000010011000000000000011100110000000000000000000000
11000100000000000000000000000000000000000000000000000000000000100000000000000000000000000000000000000000
00000000000000001010000000000000000000001101111000000000000000000000000001110011000000000000000000000000
00000000000001000000000000000000000000000000000000000000010011110000000001111111001100000000000000000000
10110000000000000000000000000000000000000000000000000000000000000100000000000000000000000000000000000000
00000000000000000000001000000000000000000000000000000000000000000000000000000000000000001000000000000000
00001000000000000000011100000000011110101000111000001100110000000000000000100000000010000000000000000000
01000000000000000000000000000000000000000000000000000000000000000001000000000000000000000000000000000000
00000000001000000000000000000000000000000000000000000000000000000000000000000000000000000010001000000000
00000000000000010000000000000000000101000000000000000000000000000000000000000000000000000000000000000000
10000000000000000000000000000000000000000000000000000000010011000000000000000110001110000000000000000000
00000000000000000001100000000000000000000000000000000000000000000000000000000000000000011000000000000000
00000000000000000000010100000000000010000000000000000000000000000100000000000000000000000000000000000000
00000000000000000000010100000000000010000000000000000000000000000010000000000000000000000000000000000000
00000000000000010000010100000000000001000000000000000000000000000000000000000000000000000000000000000000
10000000000000000000000000000000000000000000000000000000010011101000000000000000001100000000000000000000
00000000000001000100000000000000000000000000000000100000000011100000000000001110001100000000000000000000
10000000000000000000000000000000000000000000000000000000010011100000010000000000001100000000000000000000
10000000000000000000000000000000000000000000001000000000010011110000000001100100001100000000000000000000
11100011111111110000000000000000000000000000000000000000000000000000000000000000000000000000000000000000
00000000000000001010000000000000000000000000000000000000000000000000000000000000000000000010010000000000
00000000000000000000000001111111000000000000010000100000000000000000000000000000000000000000000000000000
00000000000000000000011100000000011110000000001000001111111000010000000010000000000000000000000000000000
10000000000000000100000000000000000000000000000000000000010011100010000000000000001000000000000000000000
00000000000000000010000000000000000000001101000000000000010000000000000000010000000000000000000000000000
00100000000000000000011100000000011110000000001000001111111000010000000010000000000000000000000000000000
10000000000000000100000000000000000000000000000000000000010011110000000000000000001000000000000000000000
00000000000001000000000000000000000000000000000000000000000011100010000000000110001100000000000000000000
00000000000000010000011100000000000000000000000000000000000000000000000000000000000000000000000000000000
10000000000000000000000000000000000000000000000000000000000011100000000000000000101000000000000000000000
00000000000001000100000000000000000000000000000000000000010011100000000000000000001000000000000000000000
00000000000000011000000000000000000000100000111010000000000000000000000001100111000000000000000000000000
11111000000000001110000001111111000000111000111000001100110011100000000111100111001100000000000000000000
00000000000000000010000001111111000000000000001101001100110000000000001000000000000000000000000000000000
00010000000000000000000000000000000000000000000000000000000000000000010000000000000000000000000000000000
00000000000000010000000000000000000000001100110000000000010000000000000001100111010000000000000000000000
00000000000000000010000001111100100000000000000000000000000000000000000000000000000000000000000000000000
00000000000000000100011000000000011100000000000000000000000000000000000000000000000000000000000000000000
10000000000000000100000000000000000000000000000000000000010011100000001000000110001100000000000000000000
10000000000000000000000000000000000000000000000000110000010011110000000010000101001100000000000000000000
00000000000000000000100000000000000000000000000000000000000000000000001000000000000000001000000000000000
00000000000000000010011100000000011110000000001101001100110000000000100000000000000000000000000000000000
10000000000000000000000000000000000000000000100000000000010011100000000001100010100000000000000000000000
00000000000000000010000001111111000000000000001100001100110000000010000000000000000000000000000000000000
00000000000000000010000000000010100000000000000000000000000000000000000000000000000000000000000000000000
00000000000000010000000000000000000001000000000000000000000000000000100000000000000000000000000000000000
00000000000000000010000000000000000000000100000001000110110000000000000000000000000000000000000000000000
00000000000000001010000000000000000000001100111000000000000000000000000001100101000000000000000000000000
00000000000000010000011100000000011110111110001000001100110000000000000000001000000010000000000000000000
10000011111111100011000000000000000000000000000000000000000000000000000000000000000000000010111000000000
11100000000000000000000000000000000000000000000000000000000000001000000000000000000000000000000000000000
00000000000000000010011100000000011110000000001111001100110000000010000000000000000000000000000000000000
10000000000000000000000000000000000000000000000000000000010001000000000110000000011100000000000000000000
00000000000000000000001100000000010010000000000000000000000000001000000000000000000000000000000000000000
10000000000000000000000000000000000000000000000000000000000011100100000000000110001100000000000000000000
00000000000000000001100000000000000000000000000000000000000000000000001000000000000000110000000000000000
10000000000000000011000000000000000000000000000000000000000000000000000000000000000000000000100000000000
00000000000000000000011000000000000010000000000000000000000000000000100000000000000000000000000000000000
00000000000000000010000001111111000000000000001011001100110000000100000000000000000000000000000000000000
00000011111111110000000000000000000000000000000000000000000000000000000000000000000000000000000000000000
00000001010000000000000000000000000000000000000000000000000000000000000000000000000000000000000000000000
10010000000000000000000000000000000000000000000000000000010011000000000000011110001100000000000000000000
00000000000000000000010000000000010010000000000000000000000000000000010000000000000000000000000000000000
10000101000000000000000100000000000000000000000000000000000000000000000000000000000001101000000000000000
00000000000000010000000000000000000100000000000000000000000000000000000000000000000000000000000000000000
10000000000000000000000000000000000000000000000000000010010011000000000000011110001100000000000000000000
00000000000000010000011000000000000001000000000000000000000000000000000000000000000000000000000000000000
00000000000000000000000001111011100000000000000000000000000100000000000000000000000000000000000000000000
00000000000000000000000001111111000000000000000000000000000100000000000000000000000000000000000000000000
10000000000000000100000000000000000000000000000000000000010011000000000000011110001110000000000000000000
00000000000000000010000001111111000000000000001000001100110000000100000000000000000000000000000000000000
00000000000000000010000000000000000000100000110000000000010000000000000010000000000000000000000000000000
00000000000000011000000000000000000000110000111000000000000000000000000001100111000000000000000000000000
00000000000000000010000001111111000000000000001011001100110000000000010000000000000000000000000000000000
00000000000001000000000000000000000000000000000000000000010011100000000001100110000000000000000000000000
00000000000000010000001100000000000001000000000000000000000000000000000000000000000000000000000000000000
11011000000000001110011100000000011110101000111000001100110011100000000101100111001100000000000000000000
00000100000000000000000000000000000000000000000000000000000000000000000000000000000000001100000000000000
00000100000000000000000100000000000000000000000000000000000000000000000000000000000001101000000000000000
00000000000001000010000000000000000000000000000000000000000011100000000000000110001100000000000000000000
10011000000000001110011100000000011110000000111000001100110011100000000001100111001110000000000000000000
00000011000000010000000000000000000000000000000000000000000000000000000000000000000000000000000000000000
00000000000000000000000000010101000000000000000000000000000100000000000000000000000000000000000000000000
01100000000000000000000000000000000000000000000000000000000000000000000000000000000000000010010000000000
00000000000001000100000000000000000000000000000010000000000011100000000000001110001100000000000000000000
00000000000000000010011100000000011110000000001000001100110000000100000000000000000000000000000000000000
00000000000000000010000000000000000000010000110100000000010011100000000000000000100000000000000000000000
00000000000001000000000000000000000000000000000000000000000011101000000000011110001100000000000000000000
00000000000000000010000001111111000000000000001001001100110100010100000000000000000000000000000000000000
00000000000000010000011100000000011001000000000000000000000000000000000000000000000000000000000000000000
00000000000000000000001000000000000010000000000000000000000000000001000000000000000000000000000000000000
00000000000000011000000000000000000000000100111001000000000000000000000001100111000000000000000000000000
00000000000001000000000000000000000000000000000000000000000011101000000000000110001100000000000000000000
00000000000000001000000000000000000000000000000000000000000000000000000000000000000000000000001000000000
00000000000000000010000001111111000000000000001010001100110000000100000000000000000000000000000000000000
00000000000000011000000000000000000000010000111000000000000000000000000101100111000000000000000000000000
00000000000000000000000001101001000000000000000000000000000000000000100000000000000000000000000000000000
00000000000000001000000001111111000000111100011000001100110000000000000000000100000010000000000000000000
10000000000000000100000000000000000000000000000000100000010011000000000000001110001100000000000000000000
00000000000001000000000000000000000000000000000000000000000011100100000000000010001100000000000000000000
10000000000000000000000000000000000000000000000000000000010011000000000110000000111000000000000000000000
00000000000000010000000001111111000000111110001000001100110000000000000000001000000010000000000000000000
10000000000000000000100000000000000000000000000000000000010011000000000000000000011100000000000000000000
00000000000000000010011100000000011110000000001101001100110000000000001000000000000000000000000000000000
00000000000000000100000001101010000000000000000000001100000000000000000000000000000000000000000000000000
00000000000000000010000000000000000000001100110000000000000000000000000000000000000000000000000000000000
00000000000000000100011100000000000100000000000000000100000000000000000000000000000000000000000000000000
10000000000000000000000000000000000000000000000000001000010011110000000000100001001100000000000000000000
10000000000000000000000000000000000000000000000000110000010011110000000010000001001100000000000000000000
00000000000000000000000001010001000000000000000000000000000000000100000000000000000000000000000000000000
10000000000000000000000000000000000000000000000000000000010000100000000000000000101000000000000000000000
01000000000000000000000000000000000000000000000000000000000000000000100000000000000000000000000000000000
00000000000000010000000000000000011001000000000000000000000000000000000000000000000000000000000000000000
10000000000000000000000000000000000000000000000000000000010011100000000110000110100000000000000000000000
00000000000000000110000000000000000000000000000000000000000000000000000000000000000000000000011000000000
00000000000000000000000100000000000010000000000000000000000000000010000000000000000000000000000000000000
00000000000000010000000000000000000000000000000000000000000000000000001000000000000000000000000000000000
00000000000001000000000000000000000000000000000000000000000000100100000000000110001100000000000000000000
10000000000000000101000000000000000000000000000000000000010011000000000000001110001100000000000000000000
00000000000000000001001100000000000000000000000000000000000000000000000000000000000000001000000000000000
00000000000001000000000000000000000000000000000000000000000011100100000000000110011100000000000000000000
10000000000000000000000110000000000000000000000000000000000000000000000000000000000000010000000000000000
00000000000000000100011100000000010000000000000000000100000000000000000000000000000000000000000000000000
00000000000000000010000001111111000000000000001110001100110000000010000000000000000000000000000000000000
00000000000000000010000001111111000000000000001011001100110000000000001000000000000000000000000000000000
10000000000000000000000000000000000000000000000000000000010011000000000110000000011100000000000000000010
00000000000000000010000001110100100000000000000000000000000000000000000000000000000000000000000000000000
10010000000000000000000000000000000000000000000000000000010011000000000000101110001100000000000000000000
00000000000000000000000001100001000000000000000000000000000000000000100000000000000000000000000000000000
01110000000000000000000000000000000000000000000000000000000000001000000000000000000000000000000000000000
00000000000000001010000000000000000000001110111000000000000000000000000001101011000000000000000000000000
00000000000000000001100010000000000000000000000000000000000000000000001000000000000000100000000000000000
10000000000000000000000000000000000000000000000000000000010011110000000000000000001000000000000000000000
10000000000000000000000000000000000000000000000000000000010011000000000100000000011100000000000000001000
00000000000001000100000000000000000000000000000000000000000011100001000000001110001100000000000000000000
10000000000000000000000000000000000000000000000100000000010011000000000000000110001100000000000000000000
00000000000000000000000001001001000000000000000000000000000000000000001000000000000000000000000000000000
00000000000000000000000100000000001010000000000000000000001000000000000000000000000000000000000000000000
00000000000000000000011100000000011110000000000000000000001000000000000000000000000000000000000000000000
00001000000000000000011100000000011110000000001000001111111000010000000000100000000000000000000000000000
01000110000000000000000100000000000000000000000000000000000000000000000000000000000001001000000000000000
00000000000000000000000001101001000000000000000000000000000000010000000000000000000000000000000000000000
11111100000000000000000100000000000000000000000000000000000000000000000000000000000001001100000000000000
10000000000000000000000000000000000000000000000000001000010011000000000000001110001100000000000000000000
00000000000001000000000000000000000000000000000000000000000011100000000000000110001110000000000000000000
00000000000001000000000000000000000000000000000000000000000011110000000000001110001100000000000000000000
00000000000000000000000000000000000000000000000000000000010000010000000001111001101100000000000000000000
00100000000000000000000000000000000000000000000000000000000000000100000000000000000000000000000000000000
10100000000000000000000000000000000000000000000000000000000000000010000000000000000000000000000000000000
00010000000000000000011100000000011110000000001000001111111000010000000000000000000000000000000000000000
00010000000000000000000000000000000000000000000000000000000000000000001000000000000000000000000000000000
00000000000000000110000000000000000000000000000000000000000000000000000000000000000000000010010000000000
10100000000000000000000000000000000000000000000000000000010011000000000000011110001100000000000000000000
00000000000000010000000000000000000000000000000000000000000000000100000000000000000000000000000000000000
10001000000000000000000000000000000000000000000000000000010011000000000000101110001100000000000000000000
10000000000000000000000000000000000000000000010000000000010011100000000001100100100000000000000000000000
11110000000000000000000000000000000000000000000000000000000000000001000000000000000000000000000000000000
00000000000000011000000000000000000000000000000001111001100000000000000001100111000000000000000000000000
00000000000000000010011100000000011110000000001010001100111000010000000000000000000000000000000000000000
10000000000000000000000000000000000000000000000000000000010011110000000000000000100000000000000000000000
10000000000000000000000000000000000000000000000000000000010011100000010000000100001100000000000000000000
10000000000000000000000000000000000000000000000000010000010011110000000100000001001100000000000000000000
00000000000000000010000001111111000000000000001101001100110000000000100000000000000000000000000000000000
00100000000000000000000000000000000000000000000000000000000000000000001000000000000000000000010000000000
10000000000000000000100000000000000000000000000000000000010011110000000111000001001110000000000000000000
10000011110111001011000000000000000000000000000000000000000000000000000000000000000000000000111000000000
00000000000000000001100010000000000000000000000000000000000000000000001000000000000001000100000000000000
00000000000000000000011100000000011110000000001000001111111000010000000000100000000000000000000000000000
00000000000001000001000000000000000000000000000000000100000011100000000000001110001100000000000000000000
10000000000000000100000000000000000000000000000000000000010011000100000000000110001100000000000000000000
00000000000000011000000000000000000000001000000000100111100000000000000001100111000000000000000000000000
00000000000010010000000000000000000000000000000000000000000000000000000000000000000000000000000000000000
10000000000000001000000000000000000000000000000000000000010011000000000001000000011100000000000000000000
00000000000000000100011000000000010100000000000000000100000000000000000000000000000000000000000000000000
00000000000000000010000001100100000000000000000000000000000000000000000000000000000000000000000000000000
00000000000000000000000000011001000000000000000000000000000000000010000000000000000000000000000000000000
10000000000000000000000000000000000000000000000000000000010011100001000000000000001100000000000000000000
10000100000000000000000000000000000000000000000000000000010011000000000100000000011100000000000000000010
00000000000000000010000001111111000000000000001001001100110000000001000000000000000000000000000000000000
00000000000000000010011100000000011110000000001001001100110000000000100000000000000000000000000000000000
00000000000000011000000000000000000000000100000001000111100000000000000001100111000000000000000000000000
10000000000000000000000000000000000000000000000000000000010011100100000000000000001100000000000000000000
10000000000000000100000000000000000000000000000000000000010011000000100000000110001100000000000000000000
00001000000000000000000001111111000000011000111000001100110000000000000000100000000010000000000000000000
00000000000000011000000000000000000000001110001000001000000000000000000001100111000000000000000000000000
11111100000000000000000100000000000000000000000000000000000000000000000000000000000001101000000000000000
00000000000000000010011100000000011110000000001010001100110000000010000000000000000000000000000000000000
00000000000000010000011100000000010001000000000000000000000000000000000000000000000000000000000000000000
00000000000000000000000001111111100000000000000000000000000000000000000000000000000000000000000000000000
00000000000000000000000000000000000000111100111000001000110000000000000000100000000010000000000000000000
11000000000000000000000000000000000000000000000000000000100011000000000110000000011100000000000000000000
00000000000001000000000000000000000000000000000000000000000011101000000000101110001100000000000000000000
00000000000000000000000000000000000010000000000000000000000000000000010000000000000000000000000000000000
00000000000000100010000000000000000000000000000000000000000000000000000000000000000000000010001000000000
00000000000001000100000000000000000000000000000100000000000011100000000000001110001100000000000000000000
11111000000000001110011100000000011110110000111000001100110011100000000111100111001100000000000000000000
00000000000000000100011100000000010100000000000000000100000000000000000000000000000000000000000000000000
00000000000000000010000000000000000000001000110000100000010000100000000000000000100000000000000000000000
00000000000000110000000000000000000000000000000000000000000000000000000000000000000000000000000000000000
10000100000000000000100000000000000000000000000000000000010011000000000100000000011100000000000000000000
10000000000000000000000000000000000000000000000000000000010011100100000000000000101000000000000000000000
00000000000000000000000000000000000000000000000000000000000000000000000100000000011100000000000000000000
00000000000000000010000001100000000000000000000000000000000000000000000000000000000000000000000000000000
00000000000000001010000000000000000000011100111000000000000000000000000100100111000000000000000000000000
01000100000000000000000100000000000000000000000000000000000000000000000000000000000001101000000000000000
00000000000000000000010000000000000010000000000000000000000000000000001000000000000000000000000000000000
10110100000000000000000000000000000000000000000000000000000000000000000000000000000000000000000000000000
00000000000001000000000000000000000000000000000000000000010011110000000001111001001100000000000000000000
10000000000000000000000000000000000000000000000000000000010011110000000000000000101000000000000000000000
END
